388 II. INDEX NOM. IN ANNOTATIONIBUS LAUDATOR.

519, 128,11, 130,1.9.19,
131, 19, 134, s. 11-19, 135,
1.4.11.1s.1s; 137, 9, 138,1,
139,4.9.19.11,140,9,141,9,
142,19, 145,19, 146,1ο,

147,19, 148, 1919, 151, 1.
1919, 154,11, 162,19, 178,
11, 131, 9. 9, 13411.

Heremides 4,11.

Henmdes 3,19.

Libra 31, s.

Pappus uide Quidam.

Ρ]9196,19.

Ptolemaeus 6511.

Pythagoraei vide Alii.

Quidam = Pappus 37, 17,
38, s.

Sambelichius vide Simplicius.

Simplicius 1,1, 2,19, 4,19, 5,
1. 14, 8,19.9ο, 3,14, 11, 1,
14, 1411, 15,11, 16, 1. 9. 91,
18,1, 20,5; 21,35, 22, 8. 31,
23,8, 24, 5. 23, 25,8, 28,11;
3019, 31, 9, 321191, 34, 91,
35,1, 36,11. 19, 37,9, 65,11,
19, s.

Thebit 84,11.

Yrinus cide Hero.

Π. INDEX NOMINUM IN ANNOTATIONIBUS
LAUDATORUM.

Abthinialus 35. 65.

Α5617791375.

Aganis = Geminus 13. 66. 112.

1199110199 33. 35. 39. 65. 74.
122. 137. 140. 141.150. 152.
173. 177-179. 188. 211.
215. 217. 222. 223. 226. 265.
284. 289. 305. 327. 329. 365.

Apollonius 12. 13.

Aposedanius 3.

Arabes 39.

Archimedes 5. 6. 24. 162.

Asamithes = Archimedes 6.

Aximithes = Archimedes 5.

Beslhom·Heiberg 23. 31. 33.
35-38. 48. 73. 75.

Campanus 28. 43. 45. 47. 122.
l50.172.178. 179. 181-184.
186. 188. 191. 192. 194.
196-198. 204-207, 211.
213-215. 217. 220-223.
225. 226. 228. 230. 233-235.
237. 238. 240-243. 245. 247.
250. 278. 279. 281-284. 291.

293. 295-300. 302, 304. 305.
307. 308. 310. 311. 316. 317.
321—324. 326-328. 331—
335. 344. 847-350. 352. 353.
355357-368371374-376.
378. 379. 382-385.

Cantor, M. 112.

Diachasimus 232.

Diodorus 35. 65.

Euclides 10. 28. 32. 33. 41. 42.
47. 48. 50-52, 54-56. 58.
61-63. 65. 74. 75, 78. 86.
88. 90-92. 94. 96. 98. 100.

. 102. 104. 106. 108110112

. -114, 116. 120-122. 124.
128-130.133-135. 137139
-142. 145-148. 150. 151.
155. 156. 162.168-173. 176
-179, 181-184. 186. 188.
190-196. 198-,299194197
214. 215. 217. 220-223. 225.
226. 233-235. 237. 238. 240
-243, 245. 247. 250. 278.
279. 281. 284. 291. 293. 295

 

