I. INDEX NOMINUN IN TEXTU ANARITH
LAUDATORUM.

Abthiniatus 36,1, 66,16.

Aganis vide Geminus,

Alii 4,16, 7,6. 1611, 10, 6.

Alii = Pythagoraei 4, 1.

1116111166 1, 1, 36, 6, 42, 11,
666, 11116, 16611, 11111,
1661, 1111, 16111, 1661,
666, 11.

Antiqui 10,16.

Apollonius 12, 61, 13, 6.

Aposedanius 3, 11.

Archim1des 1, 11, 6,1, 24, 66,
28, 16, 162, 11.

Aries 61, 6.

Asamithes vide Archimedes.

Aximithes vide Archimedes.

Diachasimus 212, 11.

Diodorus 36,1, 66,16.

126, 16, 126, 1. 11, 160,1,
131, 26, 13316, 134, 616,
136, 1. 6. 11, 139, 6. 1. 1. 16,
142,11.11, 143, 11, 144, 16,
146,11.16, 146, 16, 147,11,
146, 6. 11, 160, 11. 16, 161,
61. 16. 11, 162,1.16, 166, 1,
166,1.1.11, 167, 16, 161,16.
11, 162, 1616, 163,16. 16,
166, 66, 176,1.6.11, 177,16,
176, 616, 179,11, 190, 1,
191, 16, 211, 1. 11, 212, 616.
11. 11, 214, 6, 216, 16. 16,
220, 27, 225, 26, 226, 619,
232,16, 234, 6, 266,11, 260,
20, 201, 26, 336,0, 336, 30,
36616.

Vide 6116111 (1661116661.

Euclides 1,6.1,2,16,4,16,6,1. Geminus 16, 1, 26,11, 36,1,

161611, 6,16.11, 7, 61, 6,

66,11.17, 70,1, 71,6, 72,6,

11. 16. 16, 6, 6. 61116, 10, 11. 73, 6. 611.

11, 11, 1. 1. 61, 12, 11. 16, 14, (1661116161 :Euclides 262, 11.
11. 14. 1616, 16,11. 61. 61, 16, 32316, 626,1, 364,16.16.
16, 1. 6. 1. 11. 61, 16, 16, 19, (1661116161 216, 16.

1. 11, 20, 1, 21, 61, 22, 1. 6. (1661116116 2,11, 6,11, 6,11.16,

1616, 23,1. 11. 16. 16, 24,11.

16, 1, 661, 16.

62, 25,6, 26,6, 28,1.11, 30, Hero 42, 26. 24, 64, 26, 66, 21,

1116, 61,6, 62,16.66, 64,11,
36,6, 361111, 37,1, 42, 61.
2626, 47,6, 49,1, 66,6, 70,
616, 7316616, 66, 66,
106,11.16.11, 109,1.1, 110,16,
111, 4. 6. 11. 16, 112, 611,
113,11.16.16.16.11, 114,1.6,
116,11, 120,6, 121,6, 124, 26,

7611, 76,11, 66,11.11, 66, 6,
69, 6, 90,16, 91, 16, 9211,
96,1, 96,16, 96, 1, 100,1,
102,1, 104,6, 106,11, 106,11,
109,1, 110, 611, 111, 616,
113, 1.11.11; 114, 6, 115,11;
116,11, 120, 6, 121,6, 122,6,
123,11, 124,11·,1‘11,11·.x³1'1.
‘11¹⁸

 

