Π. INDEX NOM. IN ANNOTATIONIBUS LAUDATOR. 389

-300. 302. 304. 305. 307.
308. 310. 311. 317. 321-324.
326. 327. 331-335. 344. 347
-350. 352. 353. 355. 357
-369. 371. 374-376. 378.
379. 382-385.

Geminus 13. 26. 29. 35. 65.
73. 112. ·

Geomcler 215.

thrardus Cremonensis 2227.
31. 35. 36. 41. 156. 200. 329.

Heibcrgius 24. 26. 27. 31. 32.
36. 39. 41. 42. 48. 74. 92. 110.
112. 121. 156.168.173. 176
-179 181—184. 186. 188.
191. 194. 211. 214. 215. 217.
220 -223 226. 228. 230. 233
-235, 237. 238. 240—243.
245. 247. 250. 278. 279. 281.
282.284-291.293.295—300.
302. 304. 305. 307. 308. 310.
311. 316. 317. 321—324.
326-328. 331-335. 344.
347-350. 352. 353. 355. 357
-369. 371. 374-376. 378.
379. 382-385.

Hero 37. 42. 43-45. 55. 57.
58. 62. 86. 89 92. 97. 108.

110. 112. 121. 122. 130. 133.
137. 145. 151. 152. 155. 162.
176. 190. 191. 195.

Hcromides 4.

Heronas 3

Heiundcs 3. 4.

Hultsch, Fr. 28. 35.

Kutta 75.

Pappus 28. 34. 35. 37-39. 63.

Philo 53.

Plutarchus 28.

Porphyrius 58.

Pcs1douius 26.

Proclus 4. 6. 7. 11. 12.16.17.
20. 22. 23. 25. 26. 29. 32-34.
36-39. 43. 44. 47. 49-60.
62. cs. cs. ss. ¹

Ptolemaeus 65.

Ργὺὴειῗοῐαοί 4.

Rutdo t, Ehrhardus 122.

Romani 24.

Sumbclichius = Simplicius 1.

Simplicius 1. 26. 65.

St'ius 372.

Thc0122.

Tusi 122.

Yrinus = Hero 42.

Woepckc‚ Fr. 112.

 

